
количество точек по t, k: 1000, 2000, 3000, 4000, 5000, 6000, 7000, 8000, 9000, 10000,
количество точек по x, m = 3*k
X = 10, T = 10 - пределы области определения 

время исполнения t:	
	линейный алгоритм:
				0.730945, 2.04087, 3.2801, 4.46292, 5.58905, 6.74808, 7.89107, 9.10777, 10.2767, 11.9129
	число исплнителей (каждое измерение соотвествуем количеству точек k):	
			1:	0.759541, 2.07248, 3.33874, 4.53191, 5.70354, 6.88927, 8.05608, 9.31235, 10.5082, 11.8198,
			2:	0.37625, 0.773325, 1.35498, 2.13978, 2.85562, 3.45616, 4.04057, 4.67709, 5.33221, 5.97914,
			3:	0.281301, 0.57319, 0.825295, 1.41084, 1.77464, 2.34011, 2.83636, 3.43002, 3.89618, 4.36006,
			4:	0.282806, 0.483737, 0.815428, 1.23731, 1.37549, 1.92316, 2.37952, 2.79987, 3.28931, 3.73728,
			5:	0.21433, 0.431982, 0.636808, 0.950402, 1.30464, 1.6445, 2.05232, 2.35111, 2.78294, 3.16957,
			6:	0.221415, 0.426283, 0.664542, 0.926327, 1.27255, 1.63226, 2.01244, 2.31966, 2.67747, 3.04053,
			7:	0.198645, 0.402708, 0.596352, 0.828932, 1.13817, 1.47536, 1.8492, 2.21504, 2.54298, 2.86651,
			8:	0.180625, 0.375563, 0.573511, 0.788326, 1.04554, 1.33937, 1.71905, 2.08432, 2.37515, 2.7779,
